
% location of cities on original grid
stm_p = [454 620; 567 452; 674 638; 528 542; 328 785; 623 372];
fri_p = [667 503; 596 534; 693 607; 599 227; 612 459; 546 417; 255 223; 662 399; 412 655; 510 689; 523 514; 418 366; 418 570; 267 669];


%dur = 25;                       % Durability
%inten = 10;                     % Intensity
%vis = 4;                        % Visability
%importance = 1.6;
%location = 'fri'
%numframes = 100
smDriver(25, 10, 4, 1.6, 'fri', 100);